-1.097168, 1.012939, -0.624756 ; 
-0.733398, -0.618164, -2.000000 ; 
1.999939, -2.000000, 1.999939 ; 
1.254883, -1.226074, 0.047119 ; 
1.999939, -0.204346, 0.140381 ; 
1.999939, 1.969971, -0.435547 ; 
1.999939, 0.995361, 0.739746 ; 
-0.012695, 0.664551, -0.303711 ; 
-2.000000, -0.422852, -2.000000 ; 
0.212891, -1.508301, 0.253174 ; 
1.999939, 0.247803, 0.965332 ; 
1.999939, 0.367188, 0.281250 ; 
-0.397705, 1.200439, 1.252686 ; 
-2.000000, -1.121826, 0.364990 ; 
0.355225, 1.062500, -2.000000 ; 
1.999939, -1.385010, 0.868164 ; 
1.999939, -1.989990, 1.999939 ; 
1.701660, -0.269043, 1.999939 ; 
0.945068, -0.088867, -1.346191 ; 
-0.046875, -0.198486, 0.383545 ; 
-0.587158, 0.028320, 1.597168 ; 
-1.371826, 0.630371, 0.644775 ; 
0.828857, 0.066650, -1.465576 ; 
1.999939, 0.373291, -1.034424 ; 
1.467773, 0.388184, 0.582275 ; 
1.999939, -0.210449, -0.285400 ; 
1.999939, 1.424561, -2.000000 ; 
-1.530273, 1.142578, 1.430176 ; 
-2.000000, 0.322021, -0.511963 ; 
-0.940430, -0.555664, -2.000000 ; 
1.999939, -2.000000, 1.999939 ; 
-0.287598, -0.232910, 1.555664 ; 
-1.799805, 0.601074, 0.437988 ; 
-0.981689, -0.095459, -1.769775 ; 
1.881592, 0.244873, -0.011719 ; 
1.999939, -0.599121, 0.344971 ; 
-0.069336, 0.726562, 1.152832 ; 
-1.100342, 0.671143, -0.302490 ; 
-1.275879, -0.095215, -1.323486 ; 
0.932617, 0.752930, -2.000000 ; 
1.999939, -1.266357, 1.419189 ; 
1.999939, -2.000000, 1.999939 ; 
0.550781, 0.013428, 1.322754 ; 
1.393799, 0.336182, -0.233643 ; 
1.394287, 0.658203, -1.680420 ; 
0.020264, 0.362305, -0.018799 ; 
-2.000000, -1.076416, 1.160156 ; 
-1.279785, -0.171631, 0.445557 ; 
1.999939, 0.125488, -0.903320 ; 
1.263672, 0.579102, -2.000000 ; 
1.999939, 1.474609, -0.869629 ; 
0.850342, 1.118896, 0.125732 ; 
-1.556641, -0.524902, -0.599365 ; 
-1.255615, 0.394775, -2.000000 ; 
1.999939, -0.321289, 0.318604 ; 
1.999939, -1.703369, 1.999939 ; 
1.999939, 1.368408, -2.000000 ; 
-1.941162, -0.278320, -1.127441 ; 
0.395996, -0.574707, -0.947266 ; 
1.595703, 0.083984, 1.999939 ; 
1.957764, -0.097412, -0.668945 ; 
1.999939, -0.163574, 1.178223 ; 
0.851562, 0.138672, 0.327148 ; 
0.862793, 0.994629, -0.434326 ; 
-1.730957, 0.008301, 0.049561 ; 
-1.398193, 1.817871, -2.000000 ; 
1.115723, -0.363525, -0.835937 ; 
1.599609, -0.798096, 1.399170 ; 
1.999939, -1.865234, 1.999939 ; 
1.999939, -0.857178, 1.157715 ; 
1.999939, 0.890137, -0.904785 ; 
1.999939, 1.999939, -0.490479 ; 
1.463379, 0.861572, -0.391113 ; 
-0.012939, -0.296631, 1.999939 ; 
-0.986816, 1.401367, -0.472900 ; 
1.999939, -1.291992, 1.999939 ; 
1.999939, 1.625732, -0.232178 ; 
0.274658, 0.718018, 1.672852 ; 
-2.000000, -0.595459, 0.576904 ; 
-0.778564, 1.159912, -2.000000 ; 
1.999939, -0.826416, 0.854980 ; 
1.999939, -2.000000, 1.999939 ; 
1.851807, 0.879639, -1.396484 ; 
-2.000000, -0.390381, -1.171631 ; 
-0.688232, -1.231445, -0.773682 ; 
1.999939, 0.267578, 1.999939 ; 
1.999939, -1.144775, 1.362061 ; 
1.999939, 0.320068, -1.049805 ; 
-0.590820, 0.879395, 1.097168 ; 
-1.016846, -0.447022, -0.873047 ; 
-0.763184, 0.663818, -1.064697 ; 
1.497803, 0.202393, -0.696777 ; 
1.140381, 1.323975, -2.000000 ; 
-0.700928, -0.205566, -0.730957 ; 
1.999939, -2.000000, 1.999939 ; 
1.999939, -0.461182, 1.999939 ; 
1.765869, 1.999939, -0.326172 ; 
-2.000000, -0.401367, 0.143311 ; 
0.088379, 0.632080, -2.000000 ; 
1.772705, -0.716553, 0.810059 ; 