1.289062, 0.014893, 0.221924 ; 
1.440674, -0.292236, -0.447754 ; 
1.638428, -0.176025, 0.186523 ; 
1.582275, 0.333984, 1.111816 ; 
1.106934, 0.379883, 0.713623 ; 
0.705322, 0.581055, 1.040527 ; 
0.540283, 0.589111, 0.739990 ; 
-0.057373, 0.496094, -0.004639 ; 
0.125488, 0.203857, -0.521484 ; 
0.309082, 0.001953, -0.982910 ; 
0.660645, 0.015381, -0.506592 ; 
0.846924, -0.548828, -1.723877 ; 
1.596924, -0.756592, -1.162353 ; 
1.259033, 0.053711, 0.201416 ; 
1.637207, 0.098633, 0.150146 ; 
1.128418, 0.255615, 0.118408 ; 
1.206543, 0.225830, 0.215820 ; 
0.982422, 0.092773, 0.044434 ; 
0.943848, 0.477295, 0.020264 ; 
1.070312, 0.076660, 0.169189 ; 
0.894287, 0.340088, -0.090332 ; 
1.356201, 0.080078, -0.053711 ; 
1.326660, -0.100098, -0.314209 ; 
1.816406, 0.230957, -0.145508 ; 
1.930176, 0.187744, 0.554443 ;
0.697510, 0.144287, 0.520752 ; 
0.160645, 0.273438, 0.225098 ; 
0.316406, 0.104248, -0.319824 ; 
0.174805, 0.081543, -1.047852 ; 
0.439941, 0.421387, -0.701904 ; 
1.134033, -0.775635, -1.717773 ; 
1.773682, -0.915771, -0.999268 ; 
1.123535, 0.108398, -0.055664 ; 
1.068359, 0.579590, 0.136230 ; 
1.057861, 0.372559, 0.134277 ; 
1.286377, 0.008301, -0.335693 ; 
1.576660, -0.284424, -0.041748 ; 
1.591553, 0.127930, 0.478516 ; 
1.502441, 0.129150, 0.281738 ; 
1.606201, 0.209961, 0.802978 ; 
1.178711, 0.202881, 0.611572 ; 
1.263184, 0.492432, 1.402588 ; 
0.735107, 0.327637, 0.817383 ; 
0.698486, 0.486328, 0.966553 ; 
0.610596, 0.444824, 0.806152 ; 
0.259277, 0.296387, 0.252441 ; 
0.581787, 0.085693, -0.037842 ; 
0.126221, -0.000488, -0.977295 ; 
0.267822, 0.489746, -0.491455 ; 
0.692871, -0.035400, -1.273682 ;
1.742920, -0.409912, -0.245361 ; 
0.922119, 0.420166, 0.082031 ; 
1.012695, 0.595459, 0.074463 ; 
1.116943, 0.311035, 0.281738 ; 
0.972412, -0.019287, -0.198242 ; 
1.774170, -0.247803, -0.199219 ; 
1.595215, 0.283203, 0.627930 ; 
1.439209, -0.005127, 0.212646 ; 
1.211914, 0.630127, 1.416992 ; 
0.994141, 0.080566, 0.692139 ; 
0.811035, 0.565186, 1.114502 ; 
0.671875, 0.309326, 0.754150 ; 
0.632812, 0.295898, 0.786621 ; 
0.704102, 0.205566, 0.101318 ; 
0.677002, 0.102295, 0.128174 ; 
0.508789, 0.214600, 0.224365 ; 
0.411377, 0.136230, -0.170166 ; 
0.944824, 0.034668, -0.413086 ; 
0.052490, -0.097656, -0.818848 ; 
0.180664, 0.526367, 0.164795 ; 
0.319824, -0.087402, -1.432129 ; 
0.598145, 0.221680, -0.710205 ; 
1.573975, -0.658936, -1.384521 ; 
1.533203, -0.352051, 0.181641 ; 
1.152588, 0.262939, -0.142090 ; 
1.600830, -0.426758, -0.113770 ; 
1.380371, 0.207275, 0.518555 ; 
1.158447, 0.618408, 1.250000 ; 
0.661621, 0.336426, 0.618896 ; 
0.041260, 0.429932, 0.281494 ; 
0.515625, 0.378418, 0.001953 ; 
0.302734, 0.208496, -0.590088 ; 
0.268555, 0.182129, -0.651611 ; 
0.350586, -0.043457, -0.817871 ; 
0.439453, 0.104492, -0.056396 ; 
0.656006, 0.149170, -0.607422 ; 
0.846436, -0.138672, -0.468506 ; 
1.046143, -0.379639, -1.690186 ; 
1.452393, -0.704834, -1.383789 ; 
1.154541, 0.082275, 0.101807 ; 
1.337891, 0.336426, 0.166992 ; 
1.006836, 0.272461, 0.148682 ; 
0.944336, 0.377441, -0.053467 ; 
1.255371, 0.050781, 0.148438 ; 
0.941162, -0.163574, -0.404053 ; 
1.830078, 0.113770, 0.049072 ; 
1.615234, -0.057373, 0.455322 ; 
1.054443, 0.073730, 0.555176 ; 
0.971924, 0.968750, 1.422852 ; 
0.817139, 0.144043, 0.586914 ; 