(title "Density")
(labels "Position" "Density")

((xy/key/label "axis")
0.5	0.159483
0.480725	0.165639
0.461494	0.177037
0.442265	0.188302
0.423037	0.200727
0.403808	0.214096
0.384579	0.228558
0.36535	0.244183
0.346121	0.261052
0.326892	0.279243
0.307663	0.298833
0.288434	0.319895
0.269205	0.34249
0.249976	0.366663
0.230748	0.392437
0.211519	0.419815
0.19229	0.448771
0.173061	0.479239
0.153832	0.511111
0.134603	0.544233
0.115374	0.578409
0.0961453	0.613401
0.0769164	0.64893
0.0576875	0.684685
0.0384586	0.720341
0.0192297	0.755569
0.0192297	0.755569
8.45258e-07	0.790008
-0.019228	0.82331
-0.0384569	0.855201
-0.0576858	0.885447
-0.0769147	0.913866
-0.0961436	0.94033
-0.115373	0.964767
-0.134601	0.987153
-0.15383	1.00751
-0.173059	1.02591
-0.192288	1.04242
-0.211517	1.05715
-0.230746	1.07024
-0.249975	1.08179
-0.269204	1.09194
-0.288433	1.10082
-0.307661	1.10853
-0.32689	1.11519
-0.346119	1.12088
-0.365348	1.12571
-0.384577	1.12974
-0.403806	1.13305
-0.423035	1.13568
-0.442264	1.1377
-0.461493	1.1391
-0.480723	1.1401
-0.5	1.14056
)
