(title "Mach Number")
(labels "Position" "Mach Number")

((xy/key/label "axis")
0.5	2.47325
0.480725	2.43996
0.461494	2.38014
0.442265	2.32502
0.423037	2.26796
0.403808	2.2104
0.384579	2.15201
0.36535		2.09289
0.346121	2.03303
0.326892	1.97249
0.307663	1.91131
0.288434	1.84953
0.269205	1.78722
0.249976	1.72445
0.230748	1.66133
0.211519	1.59797
0.19229		1.53446
0.173061	1.47097
0.153832	1.40764
0.134603	1.34466
0.115374	1.28221
0.0961453	1.22047
0.0769164	1.15965
0.0576875	1.09995
0.0384586	1.04157
0.0192297	0.984661
0.0192297	0.984661
8.45258e-07	0.929466
-0.019228	0.876194
-0.0384569	0.824979
-0.0576858	0.775934
-0.0769147	0.729149
-0.0961436	0.684691
-0.115373	0.642599
-0.134601	0.602889
-0.15383	0.565553
-0.173059	0.530562
-0.192288	0.49788
-0.211517	0.467457
-0.230746	0.439235
-0.249975	0.413153
-0.269204	0.389149
-0.288433	0.36717
-0.307661	0.347168
-0.32689	0.329104
-0.346119	0.312947
-0.365348	0.298676
-0.384577	0.286283
-0.403806	0.275766
-0.423035	0.267133
-0.442264	0.260362
-0.461493	0.255509
-0.480723	0.252284
-0.5		0.250982
)
