(title "Static Pressure")
(labels "Position" "Static Pressure")

((xy/key/label "axis")
0.5	6101.52
0.480725	6524.03
0.461494	7159.63
0.442265	7805.28
0.423037	8535.01
0.403808	9340.66
0.384579	10235.1
0.36535		11227.1
0.346121	12326.9
0.326892	13545.1
0.307663	14892.9
0.288434	16381.7
0.269205	18023.1
0.249976	19827.5
0.230748	21804.5
0.211519	23962.1
0.19229		26305.9
0.173061	28838.2
0.153832	31556.9
0.134603	34454.8
0.115374	37519.7
0.0961453	40733.5
0.0769164	44072.4
0.0576875	47507
0.0384586	51004
0.0192297	54527.6
0.0192297	54527.6
8.45258e-07	58036
-0.019228	61487.1
-0.0384569	64844.4
-0.0576858	68075.1
-0.0769147	71151.1
-0.0961436	74050
-0.115373	76755.8
-0.134601	79258.7
-0.15383	81554.7
-0.173059	83644.8
-0.192288	85533.9
-0.211517	87230
-0.230746	88743.6
-0.249975	90086.5
-0.269204	91271.4
-0.288433	92310.5
-0.307661	93216
-0.32689	93999.5
-0.346119	94671.7
-0.365348	95242.3
-0.384577	95719.6
-0.403806	96111.3
-0.423035	96423.4
-0.442264	96662.7
-0.461493	96829.7
-0.480723	96946
-0.5		97001.8
)
