(title "Static Temperature")
(labels "Position" "Static Temperature")

((xy/key/label "axis")
0.5	134.608
0.480725	137.141
0.461494	140.84
0.442265	144.348
0.423037	148.073
0.403808	151.929
0.384579	155.942
0.36535		160.109
0.346121	164.432
0.326892	168.91
0.307663	173.542
0.288434	178.322
0.269205	183.245
0.249976	188.302
0.230748	193.478
0.211519	198.758
0.19229		204.123
0.173061	209.549
0.153832	215.009
0.134603	220.472
0.115374	225.903
0.0961453	231.269
0.0769164	236.533
0.0576875	241.658
0.0384586	246.612
0.0192297	251.364
0.0192297	251.364
8.45258e-07	255.882
-0.019228	260.139
-0.0384569	264.12
-0.0576858	267.813
-0.0769147	271.215
-0.0961436	274.326
-0.115373	277.151
-0.134601	279.702
-0.15383	281.992
-0.173059	284.036
-0.192288	285.852
-0.211517	287.458
-0.230746	288.872
-0.249975	290.112
-0.269204	291.195
-0.288433	292.137
-0.307661	292.951
-0.32689	293.651
-0.346119	294.248
-0.365348	294.752
-0.384577	295.172
-0.403806	295.515
-0.423035	295.788
-0.442264	295.996
-0.461493	296.143
-0.480723	296.238
-0.5		296.286
)
